# Source: https://omlc.org/spectra/PhotochemCAD/html/135.html
# Date accessed: 20 Jan 2021
900	0.00192
899.8	0.00316
899.6	0.00295
899.4	0.00365
899.2	0.00307
899	0.00184
898.8	0.00304
898.6	0.00094
898.4	0.0015
898.2	0.00229
898	0.00267
897.8	0.00232
897.6	0.00202
897.4	0.00214
897.2	0.00113
897	0.00084
896.8	0.00259
896.6	0.00257
896.4	0.00342
896.2	0.00297
896	0.00244
895.8	0.0018
895.6	0.00264
895.4	0.00249
895.2	0.00184
895	0.00257
894.8	0.00124
894.6	0.00226
894.4	0.00157
894.2	0.00174
894	0.00247
893.8	0.00319
893.6	0.00354
893.4	0.00195
893.2	0.0032
893	0.00229
892.8	0.00212
892.6	0.00136
892.4	0.00191
892.2	0.00312
892	0.0016
891.8	0.0016
891.6	0.00241
891.4	0.00174
891.2	0.00214
891	0.00214
890.8	0.00202
890.6	0.00179
890.4	0.0012
890.2	0.0015
890	0.00172
889.8	0.00307
889.6	0.00284
889.4	0.00144
889.2	0.00206
889	0.00226
888.8	0.00132
888.6	0.00135
888.4	0.00214
888.2	0.00198
888	0.00207
887.8	0.00242
887.6	0.00206
887.4	0.0023
887.2	0.00176
887	0.00259
886.8	0.00269
886.6	0.00288
886.4	0.00256
886.2	0.00195
886	0.00154
885.8	0.0022
885.6	0.00244
885.4	0.00171
885.2	0.00236
885	0.00286
884.8	0.00138
884.6	0.00145
884.4	0.00172
884.2	0.00184
884	0.00232
883.8	0.00238
883.6	0.00214
883.4	0.00195
883.2	0.00216
883	0.00192
882.8	0.00211
882.6	0.00191
882.4	0.00175
882.2	0.00211
882	0.00179
881.8	0.00135
881.6	0.00124
881.4	0.0021
881.2	0.0017
881	0.002
880.8	0.00169
880.6	0.00232
880.4	0.00167
880.2	0.00204
880	0.00155
879.8	0.00194
879.6	0.00181
879.4	0.0015
879.2	0.00193
879	0.00223
878.8	0.00202
878.6	0.00238
878.4	0.00237
878.2	0.00277
878	0.00268
877.8	0.00268
877.6	0.00241
877.4	0.00236
877.2	0.00253
877	0.00262
876.8	0.00292
876.6	0.00264
876.4	0.00283
876.2	0.00233
876	0.00283
875.8	0.0029
875.6	0.00277
875.4	0.00275
875.2	0.00284
875	0.00279
874.8	0.00268
874.6	0.0026
874.4	0.0029
874.2	0.00251
874	0.00323
873.8	0.00238
873.6	0.00311
873.4	0.00233
873.2	0.00292
873	0.0032
872.8	0.00304
872.6	0.00292
872.4	0.00277
872.2	0.00282
872	0.00289
871.8	0.00258
871.6	0.0028
871.4	0.00268
871.2	0.00305
871	0.00316
870.8	0.00303
870.6	0.00287
870.4	0.00258
870.2	0.00285
870	0.00297
869.8	0.003
869.6	0.00288
869.4	0.0027
869.2	0.00315
869	0.00293
868.8	0.00287
868.6	0.00286
868.4	0.00261
868.2	0.00279
868	0.00274
867.8	0.0029
867.6	0.003
867.4	0.00272
867.2	0.00265
867	0.00291
866.8	0.00241
866.6	0.00245
866.4	0.00256
866.2	0.00265
866	0.00222
865.8	0.00259
865.6	0.00265
865.4	0.00261
865.2	0.00251
865	0.00206
864.8	0.00235
864.6	0.00236
864.4	0.00262
864.2	0.00202
864	0.00234
863.8	0.00203
863.6	0.00255
863.4	0.00241
863.2	0.00235
863	0.00236
862.8	0.00217
862.6	0.00197
862.4	0.00232
862.2	0.00215
862	0.00219
861.8	0.00246
861.6	0.00212
861.4	0.0022
861.2	0.00271
861	0.00254
860.8	0.00226
860.6	0.00219
860.4	0.00237
860.2	0.00223
860	0.00254
859.8	0.0025
859.6	0.00225
859.4	0.00223
859.2	0.00249
859	0.0022
858.8	0.00218
858.6	0.00216
858.4	0.00218
858.2	0.00257
858	0.00204
857.8	0.00257
857.6	0.00234
857.4	0.00221
857.2	0.00206
857	0.00246
856.8	0.00229
856.6	0.00233
856.4	0.00221
856.2	0.0023
856	0.00214
855.8	0.00251
855.6	0.00207
855.4	0.00234
855.2	0.00244
855	0.00264
854.8	0.00237
854.6	0.00215
854.4	0.00226
854.2	0.00225
854	0.00239
853.8	0.00266
853.6	0.00268
853.4	0.00251
853.2	0.00249
853	0.0025
852.8	0.00251
852.6	0.00269
852.4	0.00265
852.2	0.00277
852	0.00249
851.8	0.00278
851.6	0.00268
851.4	0.00284
851.2	0.00272
851	0.00263
850.8	0.00255
850.6	0.00275
850.4	0.00303
850.2	0.00289
850	0.00292
849.8	0.00287
849.6	0.00277
849.4	0.00306
849.2	0.0028
849	0.003
848.8	0.00284
848.6	0.00282
848.4	0.00306
848.2	0.00303
848	0.00286
847.8	0.00302
847.6	0.00305
847.4	0.00308
847.2	0.00266
847	0.00288
846.8	0.00282
846.6	0.00289
846.4	0.0033
846.2	0.00276
846	0.00311
845.8	0.00309
845.6	0.0029
845.4	0.00312
845.2	0.0032
845	0.00284
844.8	0.0032
844.6	0.00298
844.4	0.00307
844.2	0.00308
844	0.0032
843.8	0.00308
843.6	0.00348
843.4	0.00333
843.2	0.00356
843	0.00359
842.8	0.0032
842.6	0.00345
842.4	0.00358
842.2	0.00316
842	0.00376
841.8	0.00384
841.6	0.0035
841.4	0.00349
841.2	0.0037
841	0.00363
840.8	0.00355
840.6	0.00349
840.4	0.00365
840.2	0.00366
840	0.00367
839.8	0.00352
839.6	0.00396
839.4	0.00401
839.2	0.00395
839	0.00413
838.8	0.00384
838.6	0.00399
838.4	0.00393
838.2	0.00412
838	0.00391
837.8	0.00436
837.6	0.00405
837.4	0.00419
837.2	0.00384
837	0.00392
836.8	0.0042
836.6	0.00427
836.4	0.0043
836.2	0.00424
836	0.00437
835.8	0.00441
835.6	0.00429
835.4	0.00445
835.2	0.00444
835	0.00459
834.8	0.00441
834.6	0.00471
834.4	0.00481
834.2	0.00492
834	0.00459
833.8	0.00437
833.6	0.00496
833.4	0.00467
833.2	0.00493
833	0.00516
832.8	0.00487
832.6	0.00518
832.4	0.0051
832.2	0.00534
832	0.00546
831.8	0.00522
831.6	0.00508
831.4	0.00514
831.2	0.0052
831	0.00531
830.8	0.0055
830.6	0.00556
830.4	0.00547
830.2	0.00576
830	0.00558
829.8	0.00598
829.6	0.00574
829.4	0.00597
829.2	0.00593
829	0.00579
828.8	0.00605
828.6	0.00622
828.4	0.00628
828.2	0.00622
828	0.00618
827.8	0.00638
827.6	0.00642
827.4	0.00633
827.2	0.00678
827	0.00661
826.8	0.00645
826.6	0.00708
826.4	0.0069
826.2	0.00703
826	0.00695
825.8	0.0072
825.6	0.00716
825.4	0.00723
825.2	0.00725
825	0.00755
824.8	0.00755
824.6	0.00772
824.4	0.00775
824.2	0.00783
824	0.00792
823.8	0.00801
823.6	0.00809
823.4	0.00825
823.2	0.00853
823	0.00828
822.8	0.00868
822.6	0.00867
822.4	0.00889
822.2	0.00878
822	0.00924
821.8	0.00939
821.6	0.0094
821.4	0.00973
821.2	0.00963
821	0.00977
820.8	0.01007
820.6	0.01019
820.4	0.01021
820.2	0.01043
820	0.0107
819.8	0.01073
819.6	0.01101
819.4	0.01093
819.2	0.01139
819	0.01131
818.8	0.01157
818.6	0.01164
818.4	0.01198
818.2	0.01212
818	0.0124
817.8	0.01261
817.6	0.0128
817.4	0.0131
817.2	0.01317
817	0.01342
816.8	0.01376
816.6	0.01387
816.4	0.01401
816.2	0.01459
816	0.01469
815.8	0.01497
815.6	0.01544
815.4	0.01544
815.2	0.01608
815	0.01602
814.8	0.01665
814.6	0.01684
814.4	0.01708
814.2	0.01766
814	0.01798
813.8	0.01824
813.6	0.01853
813.4	0.01918
813.2	0.01957
813	0.02006
812.8	0.02057
812.6	0.02093
812.4	0.02122
812.2	0.02205
812	0.02226
811.8	0.0229
811.6	0.02348
811.4	0.02388
811.2	0.02471
811	0.02528
810.8	0.02587
810.6	0.02644
810.4	0.027
810.2	0.0276
810	0.02832
809.8	0.02904
809.6	0.02982
809.4	0.03032
809.2	0.03132
809	0.03217
808.8	0.03296
808.6	0.03393
808.4	0.03483
808.2	0.03573
808	0.03682
807.8	0.0376
807.6	0.03858
807.4	0.03976
807.2	0.04062
807	0.04168
806.8	0.0428
806.6	0.0441
806.4	0.04526
806.2	0.04652
806	0.04775
805.8	0.04913
805.6	0.05051
805.4	0.05167
805.2	0.0534
805	0.05464
804.8	0.05603
804.6	0.05766
804.4	0.05932
804.2	0.06098
804	0.06271
803.8	0.06438
803.6	0.06608
803.4	0.06805
803.2	0.06959
803	0.07174
802.8	0.07373
802.6	0.07559
802.4	0.07768
802.2	0.07974
802	0.08206
801.8	0.0842
801.6	0.08668
801.4	0.08896
801.2	0.09116
801	0.09362
800.8	0.09609
800.6	0.09871
800.4	0.10127
800.2	0.104
800	0.10643
799.8	0.10948
799.6	0.11215
799.4	0.11509
799.2	0.11779
799	0.12085
798.8	0.1237
798.6	0.12707
798.4	0.13002
798.2	0.13337
798	0.13637
797.8	0.13967
797.6	0.14297
797.4	0.14649
797.2	0.14964
797	0.15305
796.8	0.15648
796.6	0.15983
796.4	0.16345
796.2	0.16719
796	0.17049
795.8	0.17441
795.6	0.17831
795.4	0.18179
795.2	0.18549
795	0.18941
794.8	0.1931
794.6	0.19697
794.4	0.20087
794.2	0.2047
794	0.20872
793.8	0.21227
793.6	0.21625
793.4	0.22022
793.2	0.22386
793	0.2278
792.8	0.23162
792.6	0.23551
792.4	0.23962
792.2	0.24315
792	0.24722
791.8	0.25089
791.6	0.25456
791.4	0.25849
791.2	0.2624
791	0.26617
790.8	0.26976
790.6	0.27358
790.4	0.27741
790.2	0.28116
790	0.28459
789.8	0.28812
789.6	0.29167
789.4	0.29519
789.2	0.29882
789	0.30187
788.8	0.30521
788.6	0.3086
788.4	0.31183
788.2	0.31515
788	0.31802
787.8	0.32131
787.6	0.32423
787.4	0.32737
787.2	0.33
787	0.33297
786.8	0.33563
786.6	0.3378
786.4	0.34058
786.2	0.34303
786	0.34545
785.8	0.34792
785.6	0.35027
785.4	0.35236
785.2	0.35451
785	0.35647
784.8	0.35854
784.6	0.36027
784.4	0.36197
784.2	0.36385
784	0.36546
783.8	0.36703
783.6	0.36859
783.4	0.3699
783.2	0.37129
783	0.37242
782.8	0.37341
782.6	0.37447
782.4	0.37566
782.2	0.37649
782	0.37726
781.8	0.37802
781.6	0.37882
781.4	0.37903
781.2	0.37979
781	0.37995
780.8	0.38034
780.6	0.38072
780.4	0.38087
780.2	0.38104
780	0.38096
779.8	0.38098
779.6	0.38079
779.4	0.38087
779.2	0.38056
779	0.37993
778.8	0.37943
778.6	0.37901
778.4	0.37853
778.2	0.37793
778	0.37729
777.8	0.3764
777.6	0.37555
777.4	0.37453
777.2	0.37378
777	0.37286
776.8	0.37185
776.6	0.37076
776.4	0.36969
776.2	0.36832
776	0.36693
775.8	0.36577
775.6	0.36433
775.4	0.36295
775.2	0.3613
775	0.36012
774.8	0.35825
774.6	0.35665
774.4	0.35492
774.2	0.3533
774	0.3515
773.8	0.34965
773.6	0.34783
773.4	0.34595
773.2	0.34398
773	0.34212
772.8	0.34015
772.6	0.33815
772.4	0.33593
772.2	0.33409
772	0.33205
771.8	0.32993
771.6	0.32781
771.4	0.3256
771.2	0.32334
771	0.32114
770.8	0.31896
770.6	0.31644
770.4	0.31427
770.2	0.31224
770	0.30966
769.8	0.30737
769.6	0.30506
769.4	0.30265
769.2	0.30033
769	0.298
768.8	0.29572
768.6	0.29314
768.4	0.29067
768.2	0.28832
768	0.28573
767.8	0.28321
767.6	0.2808
767.4	0.27841
767.2	0.27596
767	0.27349
766.8	0.27106
766.6	0.26845
766.4	0.26592
766.2	0.26334
766	0.26107
765.8	0.25859
765.6	0.25633
765.4	0.25348
765.2	0.25103
765	0.24864
764.8	0.24605
764.6	0.24367
764.4	0.2414
764.2	0.23876
764	0.23619
763.8	0.23407
763.6	0.23182
763.4	0.22929
763.2	0.22688
763	0.22444
762.8	0.22199
762.6	0.21961
762.4	0.21768
762.2	0.215
762	0.21279
761.8	0.21053
761.6	0.20825
761.4	0.20586
761.2	0.20382
761	0.20154
760.8	0.19934
760.6	0.19694
760.4	0.19497
760.2	0.19271
760	0.19075
759.8	0.18859
759.6	0.18657
759.4	0.18424
759.2	0.18214
759	0.18029
758.8	0.17809
758.6	0.17614
758.4	0.17407
758.2	0.17218
758	0.16984
757.8	0.1682
757.6	0.1662
757.4	0.16437
757.2	0.1626
757	0.16064
756.8	0.15883
756.6	0.15674
756.4	0.15483
756.2	0.15332
756	0.15143
755.8	0.14963
755.6	0.14789
755.4	0.14631
755.2	0.14453
755	0.14311
754.8	0.14128
754.6	0.13981
754.4	0.13831
754.2	0.13664
754	0.13508
753.8	0.13367
753.6	0.13208
753.4	0.13045
753.2	0.1289
753	0.1276
752.8	0.126
752.6	0.12466
752.4	0.12337
752.2	0.12175
752	0.12062
751.8	0.11931
751.6	0.11801
751.4	0.11672
751.2	0.11565
751	0.1141
750.8	0.11282
750.6	0.11164
750.4	0.11015
750.2	0.10917
750	0.10777
749.8	0.10669
749.6	0.10569
749.4	0.10451
749.2	0.10361
749	0.10254
748.8	0.10177
748.6	0.10069
748.4	0.09966
748.2	0.09846
748	0.0975
747.8	0.09659
747.6	0.09554
747.4	0.09458
747.2	0.09383
747	0.09279
746.8	0.09186
746.6	0.09096
746.4	0.09002
746.2	0.08909
746	0.08853
745.8	0.08764
745.6	0.08677
745.4	0.08586
745.2	0.08511
745	0.08434
744.8	0.08366
744.6	0.08282
744.4	0.08196
744.2	0.08143
744	0.08066
743.8	0.08014
743.6	0.07929
743.4	0.07863
743.2	0.07805
743	0.07709
742.8	0.0763
742.6	0.07577
742.4	0.07512
742.2	0.07458
742	0.07384
741.8	0.07315
741.6	0.0728
741.4	0.07205
741.2	0.07159
741	0.07104
740.8	0.07057
740.6	0.06996
740.4	0.06961
740.2	0.06888
740	0.0684
739.8	0.068
739.6	0.06757
739.4	0.06708
739.2	0.06657
739	0.06616
738.8	0.06562
738.6	0.0649
738.4	0.06503
738.2	0.06448
738	0.06423
737.8	0.06387
737.6	0.06323
737.4	0.06307
737.2	0.06257
737	0.06224
736.8	0.06173
736.6	0.06134
736.4	0.06114
736.2	0.06047
736	0.06044
735.8	0.06022
735.6	0.05985
735.4	0.05931
735.2	0.05905
735	0.05876
734.8	0.05828
734.6	0.05788
734.4	0.05764
734.2	0.05743
734	0.05724
733.8	0.05669
733.6	0.05655
733.4	0.05628
733.2	0.05615
733	0.05597
732.8	0.0556
732.6	0.05549
732.4	0.05555
732.2	0.05499
732	0.05489
731.8	0.05457
731.6	0.05448
731.4	0.05415
731.2	0.054
731	0.05379
730.8	0.05379
730.6	0.05345
730.4	0.05349
730.2	0.05314
730	0.05316
729.8	0.0531
729.6	0.05253
729.4	0.05234
729.2	0.05234
729	0.05205
728.8	0.05199
728.6	0.05179
728.4	0.05162
728.2	0.05165
728	0.05137
727.8	0.05139
727.6	0.05128
727.4	0.05118
727.2	0.05098
727	0.05093
726.8	0.05101
726.6	0.05129
726.4	0.05141
726.2	0.05099
726	0.05086
725.8	0.05109
725.6	0.05082
725.4	0.05069
725.2	0.05065
725	0.05057
724.8	0.05063
724.6	0.05043
724.4	0.05054
724.2	0.0504
724	0.05043
723.8	0.05041
723.6	0.05021
723.4	0.05034
723.2	0.0503
723	0.05037
722.8	0.05018
722.6	0.05011
722.4	0.05023
722.2	0.05006
722	0.0502
721.8	0.05013
721.6	0.04997
721.4	0.05
721.2	0.05021
721	0.04992
720.8	0.04993
720.6	0.04997
720.4	0.04995
720.2	0.04986
720	0.05019
719.8	0.05005
719.6	0.05007
719.4	0.05002
719.2	0.05002
719	0.05011
718.8	0.04981
718.6	0.04987
718.4	0.04953
718.2	0.04954
718	0.04971
717.8	0.04951
717.6	0.04952
717.4	0.04939
717.2	0.04942
717	0.04953
716.8	0.04953
716.6	0.04928
716.4	0.04955
716.2	0.0496
716	0.04957
715.8	0.04954
715.6	0.04969
715.4	0.04954
715.2	0.0497
715	0.04941
714.8	0.04962
714.6	0.04948
714.4	0.0494
714.2	0.0494
714	0.04916
713.8	0.0493
713.6	0.04933
713.4	0.0493
713.2	0.04933
713	0.04925
712.8	0.04926
712.6	0.04934
712.4	0.04895
712.2	0.04907
712	0.04904
711.8	0.04894
711.6	0.04877
711.4	0.04874
711.2	0.04881
711	0.04859
710.8	0.0487
710.6	0.04855
710.4	0.04846
710.2	0.04852
710	0.04829
709.8	0.04803
709.6	0.04826
709.4	0.04792
709.2	0.04795
709	0.04778
708.8	0.04767
708.6	0.04764
708.4	0.04737
708.2	0.0472
708	0.04718
707.8	0.04707
707.6	0.04713
707.4	0.04687
707.2	0.04718
707	0.04695
706.8	0.04695
706.6	0.04667
706.4	0.04639
706.2	0.04644
706	0.04626
705.8	0.04606
705.6	0.04613
705.4	0.04584
705.2	0.04579
705	0.04548
704.8	0.04568
704.6	0.04529
704.4	0.04523
704.2	0.04519
704	0.045
703.8	0.04478
703.6	0.04458
703.4	0.04431
703.2	0.04433
703	0.04424
702.8	0.04402
702.6	0.04395
702.4	0.04342
702.2	0.0436
702	0.04348
701.8	0.04314
701.6	0.04318
701.4	0.04315
701.2	0.04271
701	0.04267
700.8	0.04242
700.6	0.04208
700.4	0.04203
700.2	0.04168
700	0.04162
699.8	0.04142
699.6	0.04127
699.4	0.04093
699.2	0.04088
699	0.0407
698.8	0.04049
698.6	0.04042
698.4	0.04015
698.2	0.0398
698	0.03959
697.8	0.0396
697.6	0.03925
697.4	0.03901
697.2	0.03909
697	0.03872
696.8	0.03841
696.6	0.03833
696.4	0.03802
696.2	0.03805
696	0.03768
695.8	0.03729
695.6	0.03707
695.4	0.03687
695.2	0.03673
695	0.0363
694.8	0.03626
694.6	0.03602
694.4	0.03591
694.2	0.03576
694	0.03549
693.8	0.0351
693.6	0.03516
693.4	0.03497
693.2	0.0345
693	0.03445
692.8	0.03429
692.6	0.03384
692.4	0.03386
692.2	0.03362
692	0.03377
691.8	0.03355
691.6	0.03343
691.4	0.03314
691.2	0.0328
691	0.03279
690.8	0.03253
690.6	0.03231
690.4	0.0322
690.2	0.03203
690	0.03163
689.8	0.03151
689.6	0.03131
689.4	0.0312
689.2	0.03114
689	0.03097
688.8	0.03063
688.6	0.03025
688.4	0.03032
688.2	0.03002
688	0.02966
687.8	0.02957
687.6	0.0294
687.4	0.02937
687.2	0.02901
687	0.02919
686.8	0.02874
686.6	0.02861
686.4	0.02858
686.2	0.02812
686	0.02808
685.8	0.0278
685.6	0.02776
685.4	0.02744
685.2	0.02726
685	0.02709
684.8	0.02697
684.6	0.02679
684.4	0.02658
684.2	0.02644
684	0.02639
683.8	0.02627
683.6	0.026
683.4	0.02585
683.2	0.02567
683	0.02566
682.8	0.02533
682.6	0.02538
682.4	0.02516
682.2	0.0249
682	0.02484
681.8	0.02453
681.6	0.02441
681.4	0.02426
681.2	0.02415
681	0.02417
680.8	0.02393
680.6	0.02364
680.4	0.02355
680.2	0.02339
680	0.02337
679.8	0.02324
679.6	0.02314
679.4	0.02297
679.2	0.0227
679	0.02286
678.8	0.02266
678.6	0.02242
678.4	0.02241
678.2	0.02207
678	0.02207
677.8	0.02188
677.6	0.02198
677.4	0.02165
677.2	0.02153
677	0.02155
676.8	0.02149
676.6	0.02112
676.4	0.02123
676.2	0.02089
676	0.02089
675.8	0.02076
675.6	0.02053
675.4	0.02055
675.2	0.02041
675	0.0202
674.8	0.02016
674.6	0.01999
674.4	0.01985
674.2	0.01983
674	0.01962
673.8	0.01964
673.6	0.01967
673.4	0.01953
673.2	0.01945
673	0.01929
672.8	0.01938
672.6	0.01901
672.4	0.01902
672.2	0.0188
672	0.01872
671.8	0.01865
671.6	0.01869
671.4	0.01874
671.2	0.01834
671	0.01848
670.8	0.01843
670.6	0.01799
670.4	0.01824
670.2	0.01834
670	0.01808
669.8	0.01803
669.6	0.01802
669.4	0.01796
669.2	0.01786
669	0.01778
668.8	0.01804
668.6	0.01777
668.4	0.01749
668.2	0.01745
668	0.01731
667.8	0.01731
667.6	0.01731
667.4	0.01711
667.2	0.01734
667	0.01705
666.8	0.01717
666.6	0.01704
666.4	0.01698
666.2	0.01695
666	0.01673
665.8	0.01672
665.6	0.01682
665.4	0.01635
665.2	0.01635
665	0.0162
664.8	0.01613
664.6	0.016
664.4	0.01621
664.2	0.01605
664	0.01623
663.8	0.01585
663.6	0.0159
663.4	0.01573
663.2	0.01586
663	0.0159
662.8	0.01574
662.6	0.01595
662.4	0.0158
662.2	0.01581
662	0.01594
661.8	0.01578
661.6	0.01586
661.4	0.0157
661.2	0.01542
661	0.01602
660.8	0.01572
660.6	0.01579
660.4	0.01584
660.2	0.01566
660	0.01548
659.8	0.01561
659.6	0.01552
659.4	0.0156
659.2	0.01558
659	0.01554
658.8	0.01561
658.6	0.01555
658.4	0.01548
658.2	0.01519
658	0.01531
657.8	0.01529
657.6	0.01544
657.4	0.01514
657.2	0.01539
657	0.01515
656.8	0.01512
656.6	0.01525
656.4	0.01513
656.2	0.01508
656	0.01523
655.8	0.01513
655.6	0.0152
655.4	0.01504
655.2	0.01501
655	0.01499
654.8	0.01474
654.6	0.01499
654.4	0.01484
654.2	0.01492
654	0.01489
653.8	0.01496
653.6	0.01485
653.4	0.01458
653.2	0.01497
653	0.01465
652.8	0.01471
652.6	0.01487
652.4	0.01484
652.2	0.01455
652	0.01497
651.8	0.01453
651.6	0.01468
651.4	0.0146
651.2	0.01465
651	0.01449
650.8	0.01456
650.6	0.01429
650.4	0.01443
650.2	0.01431
650	0.01442
649.8	0.01466
649.6	0.01442
649.4	0.01432
649.2	0.01425
649	0.01428
648.8	0.0143
648.6	0.01429
648.4	0.01442
648.2	0.01407
648	0.01418
647.8	0.01434
647.6	0.0143
647.4	0.01405
647.2	0.01409
647	0.01424
646.8	0.01422
646.6	0.01411
646.4	0.014
646.2	0.01389
646	0.0139
645.8	0.014
645.6	0.01388
645.4	0.01389
645.2	0.01382
645	0.01385
644.8	0.01368
644.6	0.01366
644.4	0.01386
644.2	0.0138
644	0.01358
643.8	0.01348
643.6	0.01352
643.4	0.01353
643.2	0.01353
643	0.01356
642.8	0.01337
642.6	0.01347
642.4	0.01352
642.2	0.01335
642	0.01326
641.8	0.01339
641.6	0.01325
641.4	0.01316
641.2	0.01315
641	0.01317
640.8	0.01305
640.6	0.0132
640.4	0.01304
640.2	0.01303
640	0.01283
639.8	0.01303
639.6	0.01297
639.4	0.01279
639.2	0.01276
639	0.01281
638.8	0.01278
638.6	0.0128
638.4	0.01279
638.2	0.01269
638	0.01277
637.8	0.01275
637.6	0.01253
637.4	0.01249
637.2	0.01251
637	0.01246
636.8	0.01245
636.6	0.01245
636.4	0.01241
636.2	0.01245
636	0.01242
635.8	0.01252
635.6	0.01242
635.4	0.01236
635.2	0.01212
635	0.01201
634.8	0.01215
634.6	0.01208
634.4	0.01206
634.2	0.01197
634	0.01205
633.8	0.01204
633.6	0.01204
633.4	0.01203
633.2	0.01201
633	0.01188
632.8	0.0118
632.6	0.01191
632.4	0.01178
632.2	0.0117
632	0.01179
631.8	0.01175
631.6	0.0117
631.4	0.01156
631.2	0.01173
631	0.01153
630.8	0.01162
630.6	0.01167
630.4	0.01145
630.2	0.01143
630	0.01159
629.8	0.01152
629.6	0.01136
629.4	0.0114
629.2	0.01127
629	0.01132
628.8	0.01149
628.6	0.01137
628.4	0.01125
628.2	0.01134
628	0.01127
627.8	0.01115
627.6	0.01118
627.4	0.01144
627.2	0.01124
627	0.01075
626.8	0.01128
626.6	0.01137
626.4	0.01119
626.2	0.01133
626	0.01114
625.8	0.0111
625.6	0.01119
625.4	0.01107
625.2	0.01115
625	0.01106
624.8	0.01105
624.6	0.01112
624.4	0.01121
624.2	0.01114
624	0.01131
623.8	0.01107
623.6	0.01105
623.4	0.01132
623.2	0.01111
623	0.01123
622.8	0.01113
622.6	0.01115
622.4	0.01109
622.2	0.01113
622	0.01126
621.8	0.01104
621.6	0.01123
621.4	0.01119
621.2	0.01108
621	0.01123
620.8	0.01151
620.6	0.01143
620.4	0.01139
620.2	0.01139
620	0.01153
619.8	0.01153
619.6	0.0114
619.4	0.01145
619.2	0.01166
619	0.01167
618.8	0.01157
618.6	0.01174
618.4	0.01168
618.2	0.0118
618	0.01179
617.8	0.01174
617.6	0.01199
617.4	0.01189
617.2	0.0119
617	0.01203
616.8	0.01202
616.6	0.01215
616.4	0.01224
616.2	0.01221
616	0.01225
615.8	0.01227
615.6	0.01242
615.4	0.01255
615.2	0.01262
615	0.01231
614.8	0.01271
614.6	0.01281
614.4	0.01285
614.2	0.01282
614	0.01295
613.8	0.0131
613.6	0.01306
613.4	0.01323
613.2	0.01352
613	0.01345
612.8	0.01341
612.6	0.01362
612.4	0.01385
612.2	0.01383
612	0.01392
611.8	0.01414
611.6	0.01432
611.4	0.01438
611.2	0.01449
611	0.0146
610.8	0.01477
610.6	0.01503
610.4	0.015
610.2	0.01519
610	0.01547
609.8	0.01548
609.6	0.01567
609.4	0.01588
609.2	0.01592
609	0.01623
608.8	0.0164
608.6	0.01662
608.4	0.01677
608.2	0.0168
608	0.0173
607.8	0.01749
607.6	0.01757
607.4	0.01777
607.2	0.01798
607	0.01826
606.8	0.01863
606.6	0.01866
606.4	0.0192
606.2	0.01953
606	0.01958
605.8	0.02003
605.6	0.02014
605.4	0.02047
605.2	0.02069
605	0.02099
604.8	0.02142
604.6	0.02165
604.4	0.02195
604.2	0.02227
604	0.02283
603.8	0.02324
603.6	0.02352
603.4	0.02397
603.2	0.02423
603	0.02465
602.8	0.02507
602.6	0.02544
602.4	0.02577
602.2	0.02619
602	0.02692
601.8	0.02728
601.6	0.02796
601.4	0.02801
601.2	0.02864
601	0.02906
600.8	0.02965
600.6	0.03023
600.4	0.03057
600.2	0.03116
600	0.03176
599.8	0.03232
599.6	0.03302
599.4	0.0335
599.2	0.03411
599	0.03494
598.8	0.03538
598.6	0.03599
598.4	0.03674
598.2	0.03731
598	0.03792
597.8	0.0386
597.6	0.03916
597.4	0.04004
597.2	0.04071
597	0.04145
596.8	0.04209
596.6	0.04292
596.4	0.04371
596.2	0.04453
596	0.04525
595.8	0.04606
595.6	0.04674
595.4	0.04745
595.2	0.04849
595	0.04942
594.8	0.0501
594.6	0.05097
594.4	0.05167
594.2	0.05259
594	0.05341
593.8	0.05423
593.6	0.05529
593.4	0.05622
593.2	0.05702
593	0.05796
592.8	0.05906
592.6	0.05977
592.4	0.0607
592.2	0.06157
592	0.06258
591.8	0.06365
591.6	0.06426
591.4	0.06536
591.2	0.06625
591	0.06732
590.8	0.06817
590.6	0.06902
590.4	0.0702
590.2	0.07103
590	0.07187
589.8	0.07279
589.6	0.07355
589.4	0.0745
589.2	0.07539
589	0.07661
588.8	0.07735
588.6	0.07801
588.4	0.07901
588.2	0.07987
588	0.08081
587.8	0.08132
587.6	0.08223
587.4	0.08318
587.2	0.08388
587	0.08464
586.8	0.08529
586.6	0.08623
586.4	0.08706
586.2	0.08757
586	0.08832
585.8	0.08902
585.6	0.08952
585.4	0.09025
585.2	0.09081
585	0.09114
584.8	0.09183
584.6	0.09247
584.4	0.09298
584.2	0.09343
584	0.09387
583.8	0.09422
583.6	0.09479
583.4	0.09516
583.2	0.09557
583	0.09584
582.8	0.09627
582.6	0.0964
582.4	0.09679
582.2	0.09708
582	0.09737
581.8	0.0974
581.6	0.09759
581.4	0.0979
581.2	0.09809
581	0.09803
580.8	0.09821
580.6	0.09834
580.4	0.09823
580.2	0.09847
580	0.09837
579.8	0.09833
579.6	0.09821
579.4	0.09821
579.2	0.09812
579	0.09814
578.8	0.09785
578.6	0.0975
578.4	0.09746
578.2	0.09745
578	0.09732
577.8	0.09684
577.6	0.09661
577.4	0.09637
577.2	0.09611
577	0.09564
576.8	0.0954
576.6	0.09478
576.4	0.09477
576.2	0.09415
576	0.09389
575.8	0.09327
575.6	0.09293
575.4	0.09254
575.2	0.09216
575	0.09137
574.8	0.0911
574.6	0.09032
574.4	0.0899
574.2	0.08929
574	0.08874
573.8	0.08797
573.6	0.08751
573.4	0.08687
573.2	0.08635
573	0.08579
572.8	0.0849
572.6	0.08442
572.4	0.08364
572.2	0.08319
572	0.08207
571.8	0.08158
571.6	0.0811
571.4	0.08016
571.2	0.07947
571	0.07877
570.8	0.07807
570.6	0.07737
570.4	0.07656
570.2	0.07571
570	0.07475
569.8	0.07382
569.6	0.07314
569.4	0.07252
569.2	0.07176
569	0.07099
568.8	0.07028
568.6	0.06943
568.4	0.06868
568.2	0.06785
568	0.06718
567.8	0.0663
567.6	0.0656
567.4	0.06474
567.2	0.06414
567	0.0634
566.8	0.06263
566.6	0.0616
566.4	0.06114
566.2	0.06033
566	0.05966
565.8	0.05882
565.6	0.05805
565.4	0.05728
565.2	0.05661
565	0.05594
564.8	0.0551
564.6	0.05431
564.4	0.05381
564.2	0.0529
564	0.05224
563.8	0.05144
563.6	0.0508
563.4	0.05004
563.2	0.04928
563	0.04883
562.8	0.04799
562.6	0.0476
562.4	0.04701
562.2	0.04611
562	0.04557
561.8	0.04499
561.6	0.0443
561.4	0.04367
561.2	0.04322
561	0.04268
560.8	0.04206
560.6	0.04156
560.4	0.04087
560.2	0.04018
560	0.03973
559.8	0.03926
559.6	0.0387
559.4	0.03818
559.2	0.03779
559	0.0373
558.8	0.03678
558.6	0.03634
558.4	0.03564
558.2	0.03521
558	0.03463
557.8	0.03435
557.6	0.03407
557.4	0.03353
557.2	0.03303
557	0.03273
556.8	0.03244
556.6	0.032
556.4	0.03181
556.2	0.03132
556	0.03092
555.8	0.0307
555.6	0.03016
555.4	0.02999
555.2	0.02952
555	0.02933
554.8	0.02884
554.6	0.02881
554.4	0.02847
554.2	0.02816
554	0.02785
553.8	0.02774
553.6	0.02726
553.4	0.02703
553.2	0.02672
553	0.02664
552.8	0.02644
552.6	0.02627
552.4	0.02608
552.2	0.02577
552	0.02584
551.8	0.0254
551.6	0.02524
551.4	0.02499
551.2	0.02494
551	0.02477
550.8	0.02457
550.6	0.02426
550.4	0.02433
550.2	0.02417
550	0.02406
549.8	0.02376
549.6	0.02373
549.4	0.02366
549.2	0.02345
549	0.02352
548.8	0.02319
548.6	0.02309
548.4	0.02303
548.2	0.02306
548	0.02286
547.8	0.02275
547.6	0.02263
547.4	0.02268
547.2	0.0225
547	0.02254
546.8	0.02229
546.6	0.02234
546.4	0.02207
546.2	0.02215
546	0.02207
545.8	0.02206
545.6	0.02189
545.4	0.02191
545.2	0.02185
545	0.02175
544.8	0.0216
544.6	0.02169
544.4	0.02173
544.2	0.02142
544	0.02139
543.8	0.02137
543.6	0.0212
543.4	0.02126
543.2	0.02117
543	0.02081
542.8	0.02097
542.6	0.021
542.4	0.02088
542.2	0.02097
542	0.02069
541.8	0.02073
541.6	0.02068
541.4	0.02056
541.2	0.02065
541	0.02035
540.8	0.02027
540.6	0.02037
540.4	0.02006
540.2	0.02017
540	0.02002
539.8	0.02008
539.6	0.01985
539.4	0.01978
539.2	0.02001
539	0.01977
538.8	0.01965
538.6	0.01964
538.4	0.01954
538.2	0.01934
538	0.01913
537.8	0.01905
537.6	0.01912
537.4	0.01903
537.2	0.0189
537	0.01871
536.8	0.01884
536.6	0.01867
536.4	0.01872
536.2	0.01861
536	0.01848
535.8	0.01845
535.6	0.01829
535.4	0.01812
535.2	0.018
535	0.01789
534.8	0.0178
534.6	0.01784
534.4	0.01758
534.2	0.01733
534	0.01745
533.8	0.01722
533.6	0.01718
533.4	0.01713
533.2	0.01705
533	0.01686
532.8	0.01673
532.6	0.01671
532.4	0.01655
532.2	0.01628
532	0.01646
531.8	0.01623
531.6	0.01614
531.4	0.016
531.2	0.01592
531	0.01591
530.8	0.01554
530.6	0.01563
530.4	0.01535
530.2	0.01517
530	0.01523
529.8	0.01524
529.6	0.01492
529.4	0.01473
529.2	0.01467
529	0.01455
528.8	0.01448
528.6	0.01427
528.4	0.01432
528.2	0.01417
528	0.01408
527.8	0.01401
527.6	0.01379
527.4	0.01366
527.2	0.01367
527	0.01343
526.8	0.01344
526.6	0.01329
526.4	0.01335
526.2	0.01301
526	0.01297
525.8	0.0129
525.6	0.01277
525.4	0.01272
525.2	0.01254
525	0.0124
524.8	0.01245
524.6	0.01235
524.4	0.01211
524.2	0.01204
524	0.01196
523.8	0.01184
523.6	0.0117
523.4	0.01183
523.2	0.0116
523	0.01169
522.8	0.0114
522.6	0.01159
522.4	0.01137
522.2	0.01124
522	0.01129
521.8	0.01116
521.6	0.01106
521.4	0.01095
521.2	0.01095
521	0.01052
520.8	0.01076
520.6	0.01047
520.4	0.0106
520.2	0.01044
520	0.01058
519.8	0.01056
519.6	0.01013
519.4	0.01025
519.2	0.0102
519	0.01017
518.8	0.01016
518.6	0.00999
518.4	0.00997
518.2	0.00996
518	0.00992
517.8	0.01003
517.6	0.00982
517.4	0.0099
517.2	0.0097
517	0.00974
516.8	0.00963
516.6	0.00974
516.4	0.00964
516.2	0.00956
516	0.00955
515.8	0.00947
515.6	0.00953
515.4	0.00929
515.2	0.0094
515	0.00945
514.8	0.00941
514.6	0.0092
514.4	0.00948
514.2	0.00945
514	0.00917
513.8	0.00927
513.6	0.00921
513.4	0.00908
513.2	0.009
513	0.00922
512.8	0.00914
512.6	0.00909
512.4	0.009
512.2	0.00915
512	0.00888
511.8	0.00901
511.6	0.00905
511.4	0.00901
511.2	0.00883
511	0.00898
510.8	0.0092
510.6	0.00882
510.4	0.00902
510.2	0.0088
510	0.00893
509.8	0.00896
509.6	0.00903
509.4	0.00891
509.2	0.0091
509	0.00871
508.8	0.009
508.6	0.00892
508.4	0.0089
508.2	0.00888
508	0.00886
507.8	0.00901
507.6	0.00894
507.4	0.009
507.2	0.00898
507	0.00889
506.8	0.00873
506.6	0.00852
506.4	0.0085
506.2	0.00871
506	0.00872
505.8	0.00886
505.6	0.00881
505.4	0.00868
505.2	0.00872
505	0.00859
504.8	0.00882
504.6	0.00867
504.4	0.00879
504.2	0.00877
504	0.0088
503.8	0.00878
503.6	0.00901
503.4	0.00882
503.2	0.00868
503	0.00878
502.8	0.00863
502.6	0.00888
502.4	0.00901
502.2	0.00905
502	0.00887
501.8	0.00895
501.6	0.00914
501.4	0.00907
501.2	0.00901
501	0.00913
500.8	0.00892
500.6	0.00885
500.4	0.009
500.2	0.00902
500	0.00897
499.8	0.0091
499.6	0.00909
499.4	0.00921
499.2	0.00924
499	0.00934
498.8	0.00936
498.6	0.00933
498.4	0.00932
498.2	0.00946
498	0.00923
497.8	0.00924
497.6	0.0093
497.4	0.00931
497.2	0.0093
497	0.00935
496.8	0.00926
496.6	0.00922
496.4	0.00924
496.2	0.00924
496	0.00927
495.8	0.00893
495.6	0.00883
495.4	0.00922
495.2	0.0088
495	0.00904
494.8	0.00891
494.6	0.00886
494.4	0.00887
494.2	0.00895
494	0.009
493.8	0.00896
493.6	0.00893
493.4	0.00901
493.2	0.00877
493	0.00904
492.8	0.00892
492.6	0.00888
492.4	0.00879
492.2	0.00897
492	0.00895
491.8	0.00872
491.6	0.00899
491.4	0.00885
491.2	0.00886
491	0.00897
490.8	0.00897
490.6	0.00899
490.4	0.00895
490.2	0.00897
490	0.00878
489.8	0.00876
489.6	0.00878
489.4	0.00894
489.2	0.00879
489	0.00884
488.8	0.00877
488.6	0.0088
488.4	0.00889
488.2	0.00896
488	0.00883
487.8	0.00878
487.6	0.00903
487.4	0.0089
487.2	0.00897
487	0.00885
486.8	0.00891
486.6	0.00878
486.4	0.00881
486.2	0.00875
486	0.00879
485.8	0.00899
485.6	0.00892
485.4	0.0089
485.2	0.00874
485	0.00886
484.8	0.00907
484.6	0.00885
484.4	0.00895
484.2	0.00906
484	0.00897
483.8	0.00889
483.6	0.00891
483.4	0.00893
483.2	0.00895
483	0.00893
482.8	0.00906
482.6	0.00913
482.4	0.00893
482.2	0.00905
482	0.00921
481.8	0.00908
481.6	0.00904
481.4	0.0091
481.2	0.00911
481	0.00894
480.8	0.0091
480.6	0.00914
480.4	0.00939
480.2	0.00927
480	0.00906
479.8	0.00912
479.6	0.0093
479.4	0.00917
479.2	0.00912
479	0.00915
478.8	0.0092
478.6	0.0093
478.4	0.00928
478.2	0.0094
478	0.00942
477.8	0.00934
477.6	0.0094
477.4	0.00946
477.2	0.00939
477	0.00938
476.8	0.00942
476.6	0.00954
476.4	0.00944
476.2	0.00956
476	0.00957
475.8	0.00935
475.6	0.00958
475.4	0.00959
475.2	0.0098
475	0.00979
474.8	0.00959
474.6	0.00974
474.4	0.00975
474.2	0.00989
474	0.00989
473.8	0.00972
473.6	0.00986
473.4	0.01006
473.2	0.00989
473	0.01009
472.8	0.01
472.6	0.00984
472.4	0.01008
472.2	0.01004
472	0.01019
471.8	0.01016
471.6	0.01021
471.4	0.01004
471.2	0.01018
471	0.01023
470.8	0.0102
470.6	0.01047
470.4	0.01034
470.2	0.01039
470	0.01043
469.8	0.01042
469.6	0.01031
469.4	0.01063
469.2	0.01062
469	0.01058
468.8	0.01081
468.6	0.01064
468.4	0.01056
468.2	0.01078
468	0.01074
467.8	0.0108
467.6	0.01091
467.4	0.011
467.2	0.01085
467	0.01104
466.8	0.01095
466.6	0.01102
466.4	0.01107
466.2	0.01106
466	0.01098
465.8	0.0112
465.6	0.01121
465.4	0.01134
465.2	0.0113
465	0.01139
464.8	0.01129
464.6	0.01153
464.4	0.01164
464.2	0.01137
464	0.01149
463.8	0.01168
463.6	0.01146
463.4	0.01149
463.2	0.01168
463	0.01164
462.8	0.01192
462.6	0.01169
462.4	0.01193
462.2	0.01182
462	0.01178
461.8	0.01195
461.6	0.01211
461.4	0.01218
461.2	0.01197
461	0.01217
460.8	0.01205
460.6	0.01247
460.4	0.01244
460.2	0.01247
460	0.01235
459.8	0.01242
459.6	0.01249
459.4	0.01253
459.2	0.01262
459	0.01276
458.8	0.01259
458.6	0.01266
458.4	0.01276
458.2	0.01279
458	0.01291
457.8	0.01281
457.6	0.01303
457.4	0.01301
457.2	0.01326
457	0.01292
456.8	0.01315
456.6	0.01333
456.4	0.01331
456.2	0.01331
456	0.01334
455.8	0.0134
455.6	0.01345
455.4	0.01353
455.2	0.01361
455	0.01366
454.8	0.01376
454.6	0.01391
454.4	0.01386
454.2	0.01381
454	0.01395
453.8	0.01433
453.6	0.01426
453.4	0.01428
453.2	0.01423
453	0.01434
452.8	0.01462
452.6	0.0146
452.4	0.0147
452.2	0.01464
452	0.01489
451.8	0.01505
451.6	0.01491
451.4	0.01496
451.2	0.01527
451	0.01518
450.8	0.01533
450.6	0.01542
450.4	0.01556
450.2	0.01553
450	0.0158
449.8	0.01538
449.6	0.01536
449.4	0.01541
449.2	0.01577
449	0.0157
448.8	0.01569
448.6	0.01607
448.4	0.01601
448.2	0.01617
448	0.01614
447.8	0.01618
447.6	0.0162
447.4	0.01638
447.2	0.0165
447	0.01664
446.8	0.01666
446.6	0.01683
446.4	0.01664
446.2	0.01682
446	0.01712
445.8	0.017
445.6	0.01718
445.4	0.01719
445.2	0.01728
445	0.01693
444.8	0.01735
444.6	0.01743
444.4	0.01754
444.2	0.0177
444	0.01769
443.8	0.01767
443.6	0.01814
443.4	0.0184
443.2	0.01823
443	0.01828
442.8	0.01825
442.6	0.01866
442.4	0.01857
442.2	0.01853
442	0.01878
441.8	0.01886
441.6	0.019
441.4	0.0189
441.2	0.019
441	0.01905
440.8	0.01931
440.6	0.01919
440.4	0.01932
440.2	0.01937
440	0.01946
439.8	0.01955
439.6	0.01954
439.4	0.01958
439.2	0.01955
439	0.01984
438.8	0.01996
438.6	0.02011
438.4	0.01983
438.2	0.02034
438	0.02045
437.8	0.02061
437.6	0.02048
437.4	0.02073
437.2	0.02072
437	0.02063
436.8	0.0209
436.6	0.02072
436.4	0.02099
436.2	0.02107
436	0.0212
435.8	0.02111
435.6	0.02123
435.4	0.02137
435.2	0.02136
435	0.02132
434.8	0.02153
434.6	0.02148
434.4	0.0216
434.2	0.02166
434	0.02173
433.8	0.02186
433.6	0.02213
433.4	0.02209
433.2	0.02208
433	0.02201
432.8	0.02211
432.6	0.02245
432.4	0.02235
432.2	0.0224
432	0.02228
431.8	0.02267
431.6	0.02273
431.4	0.02293
431.2	0.02285
431	0.02286
430.8	0.02275
430.6	0.02278
430.4	0.02292
430.2	0.02293
430	0.02316
429.8	0.02306
429.6	0.02326
429.4	0.02324
429.2	0.02346
429	0.02346
428.8	0.02352
428.6	0.02378
428.4	0.02387
428.2	0.02411
428	0.02392
427.8	0.02419
427.6	0.02436
427.4	0.02443
427.2	0.02458
427	0.02457
426.8	0.02462
426.6	0.02483
426.4	0.02501
426.2	0.02504
426	0.02529
425.8	0.02542
425.6	0.02535
425.4	0.0256
425.2	0.02594
425	0.02594
424.8	0.02624
424.6	0.02615
424.4	0.02642
424.2	0.0265
424	0.02676
423.8	0.02692
423.6	0.02725
423.4	0.02686
423.2	0.02707
423	0.02738
422.8	0.02762
422.6	0.02778
422.4	0.02794
422.2	0.02827
422	0.02828
421.8	0.02855
421.6	0.02871
421.4	0.02873
421.2	0.02894
421	0.02913
420.8	0.02963
420.6	0.02991
420.4	0.03002
420.2	0.03016
420	0.03047
419.8	0.03037
419.6	0.0309
419.4	0.03127
419.2	0.03151
419	0.03152
418.8	0.0318
418.6	0.03253
418.4	0.03257
418.2	0.03294
418	0.0332
417.8	0.03359
417.6	0.03405
417.4	0.03439
417.2	0.0347
417	0.03506
416.8	0.03551
416.6	0.03615
416.4	0.03634
416.2	0.03671
416	0.03721
415.8	0.03773
415.6	0.03829
415.4	0.03896
415.2	0.03933
415	0.03984
414.8	0.0406
414.6	0.04117
414.4	0.04177
414.2	0.04253
414	0.0432
413.8	0.04403
413.6	0.04453
413.4	0.04562
413.2	0.0462
413	0.04699
412.8	0.04779
412.6	0.04877
412.4	0.04971
412.2	0.05084
412	0.052
411.8	0.05283
411.6	0.05382
411.4	0.05497
411.2	0.05645
411	0.05765
410.8	0.05881
410.6	0.05995
410.4	0.06151
410.2	0.063
410	0.06423
409.8	0.06573
409.6	0.06725
409.4	0.069
409.2	0.07062
409	0.07243
408.8	0.07398
408.6	0.07583
408.4	0.07767
408.2	0.07984
408	0.08159
407.8	0.08364
407.6	0.08563
407.4	0.08749
407.2	0.08945
407	0.09152
406.8	0.09405
406.6	0.09601
406.4	0.09836
406.2	0.10079
406	0.10306
405.8	0.10543
405.6	0.10814
405.4	0.11025
405.2	0.11282
405	0.1155
404.8	0.11761
404.6	0.12029
404.4	0.1228
404.2	0.1257
404	0.12835
403.8	0.13055
403.6	0.13316
403.4	0.13566
403.2	0.13801
403	0.1406
402.8	0.14319
402.6	0.14545
402.4	0.14783
402.2	0.15015
402	0.1525
401.8	0.15456
401.6	0.1568
401.4	0.15895
401.2	0.16107
401	0.16307
400.8	0.16502
400.6	0.16687
400.4	0.16874
400.2	0.17066
400	0.1721
399.8	0.17367
399.6	0.17516
399.4	0.17619
399.2	0.17764
399	0.17906
398.8	0.17991
398.6	0.18109
398.4	0.18194
398.2	0.18295
398	0.18366
397.8	0.18422
397.6	0.18483
397.4	0.18546
397.2	0.18586
397	0.18634
396.8	0.18663
396.6	0.18696
396.4	0.18705
396.2	0.18691
396	0.18694
395.8	0.18691
395.6	0.1867
395.4	0.18677
395.2	0.18648
395	0.18656
394.8	0.186
394.6	0.18577
394.4	0.18547
394.2	0.18553
394	0.18528
393.8	0.18473
393.6	0.18456
393.4	0.18401
393.2	0.1833
393	0.18318
392.8	0.18259
392.6	0.18197
392.4	0.18165
392.2	0.18135
392	0.181
391.8	0.18062
391.6	0.18058
391.4	0.18023
391.2	0.17995
391	0.17964
390.8	0.17935
390.6	0.17886
390.4	0.17871
390.2	0.17866
390	0.17837
389.8	0.17819
389.6	0.17833
389.4	0.17811
389.2	0.17804
389	0.17796
388.8	0.17817
388.6	0.17785
388.4	0.17748
388.2	0.17771
388	0.17766
387.8	0.17754
387.6	0.17759
387.4	0.1779
387.2	0.17811
387	0.17809
386.8	0.17815
386.6	0.17833
386.4	0.17861
386.2	0.17869
386	0.17876
385.8	0.17919
385.6	0.17929
385.4	0.17953
385.2	0.1799
385	0.17989
384.8	0.18014
384.6	0.18038
384.4	0.18079
384.2	0.18094
384	0.18127
383.8	0.18138
383.6	0.18167
383.4	0.1817
383.2	0.18187
383	0.18235
382.8	0.18224
382.6	0.18237
382.4	0.18274
382.2	0.18284
382	0.18311
381.8	0.1834
381.6	0.18339
381.4	0.18327
381.2	0.18363
381	0.18377
380.8	0.18408
380.6	0.18406
380.4	0.1843
380.2	0.1846
380	0.18499
379.8	0.1851
379.6	0.18541
379.4	0.18563
379.2	0.18612
379	0.18618
378.8	0.18642
378.6	0.18672
378.4	0.18686
378.2	0.18734
378	0.18776
377.8	0.18808
377.6	0.18889
377.4	0.18895
377.2	0.18966
377	0.19007
376.8	0.19045
376.6	0.19105
376.4	0.19201
376.2	0.19219
376	0.19308
375.8	0.19385
375.6	0.19453
375.4	0.19515
375.2	0.196
375	0.19686
374.8	0.19757
374.6	0.19842
374.4	0.1995
374.2	0.20039
374	0.20146
373.8	0.20278
373.6	0.20345
373.4	0.20494
373.2	0.20599
373	0.20743
372.8	0.20856
372.6	0.20972
372.4	0.21123
372.2	0.21288
372	0.21428
371.8	0.2155
371.6	0.21715
371.4	0.21827
371.2	0.22008
371	0.22156
370.8	0.22286
370.6	0.22481
370.4	0.2263
370.2	0.22806
370	0.22987
369.8	0.23169
369.6	0.23379
369.4	0.23567
369.2	0.23725
369	0.23906
368.8	0.24123
368.6	0.24305
368.4	0.24484
368.2	0.2469
368	0.24897
367.8	0.25079
367.6	0.25292
367.4	0.25468
367.2	0.25652
367	0.25842
366.8	0.2605
366.6	0.2626
366.4	0.26425
366.2	0.26614
366	0.2679
365.8	0.26953
365.6	0.27127
365.4	0.27284
365.2	0.27437
365	0.27589
364.8	0.27742
364.6	0.27888
364.4	0.28045
364.2	0.28175
364	0.28291
363.8	0.28419
363.6	0.28535
363.4	0.28645
363.2	0.28754
363	0.28838
362.8	0.28925
362.6	0.29033
362.4	0.29071
362.2	0.29169
362	0.29163
361.8	0.2921
361.6	0.29266
361.4	0.29274
361.2	0.29294
361	0.29252
360.8	0.29277
360.6	0.29263
360.4	0.2924
360.2	0.29206
360	0.29174
359.8	0.29132
359.6	0.29046
359.4	0.29
359.2	0.28914
359	0.28844
358.8	0.28759
358.6	0.28684
358.4	0.28617
358.2	0.28476
358	0.28373
357.8	0.28228
357.6	0.28091
357.4	0.27969
357.2	0.27863
357	0.27733
356.8	0.27609
356.6	0.27474
356.4	0.27311
356.2	0.27161
356	0.2702
355.8	0.26875
355.6	0.26719
355.4	0.26558
355.2	0.26401
355	0.26235
354.8	0.26095
354.6	0.25931
354.4	0.2578
354.2	0.25639
354	0.2547
353.8	0.25276
353.6	0.25135
353.4	0.24991
353.2	0.2482
353	0.24678
352.8	0.24486
352.6	0.24313
352.4	0.24176
352.2	0.24039
352	0.23928
351.8	0.23803
351.6	0.23585
351.4	0.23536
351.2	0.23338
351	0.23179
350.8	0.22965
350.6	0.22868
350.4	0.22716
350.2	0.22605
350	0.2245
349.8	0.22288
349.6	0.22156
349.4	0.21998
349.2	0.21898
349	0.21772
348.8	0.21635
348.6	0.21526
348.4	0.21397
348.2	0.2126
348	0.21099
347.8	0.21037
347.6	0.20887
347.4	0.20778
347.2	0.20651
347	0.20509
346.8	0.2039
346.6	0.2028
346.4	0.2018
346.2	0.20063
346	0.1993
345.8	0.1982
345.6	0.19724
345.4	0.19622
345.2	0.19493
345	0.19382
344.8	0.1928
344.6	0.19147
344.4	0.19096
344.2	0.18971
344	0.18905
343.8	0.18698
343.6	0.18628
343.4	0.18534
343.2	0.18402
343	0.18311
342.8	0.18188
342.6	0.18105
342.4	0.18034
342.2	0.17866
342	0.17801
341.8	0.17674
341.6	0.17612
341.4	0.17494
341.2	0.17376
341	0.17307
340.8	0.17185
340.6	0.17082
340.4	0.16991
340.2	0.16879
340	0.1677
339.8	0.16706
339.6	0.16593
339.4	0.16482
339.2	0.16383
339	0.1632
338.8	0.1625
338.6	0.16151
338.4	0.16024
338.2	0.15939
338	0.15825
337.8	0.1575
337.6	0.15647
337.4	0.15566
337.2	0.15462
337	0.1536
336.8	0.15287
336.6	0.15196
336.4	0.15057
336.2	0.15026
336	0.14922
335.8	0.14846
335.6	0.14787
335.4	0.14723
335.2	0.14609
335	0.14521
334.8	0.14451
334.6	0.144
334.4	0.14353
334.2	0.14213
334	0.14128
333.8	0.1407
333.6	0.14005
333.4	0.1387
333.2	0.13822
333	0.1378
332.8	0.13706
332.6	0.1362
332.4	0.13546
332.2	0.13486
332	0.13453
331.8	0.13324
331.6	0.1324
331.4	0.13139
331.2	0.13093
331	0.12982
330.8	0.12983
330.6	0.12864
330.4	0.12854
330.2	0.12735
330	0.12671
329.8	0.12645
329.6	0.1256
329.4	0.12521
329.2	0.12405
329	0.12345
328.8	0.12205
328.6	0.12164
328.4	0.12108
328.2	0.12061
328	0.11977
327.8	0.11922
327.6	0.11823
327.4	0.11778
327.2	0.11696
327	0.11606
326.8	0.11589
326.6	0.11499
326.4	0.11463
326.2	0.11337
326	0.11255
325.8	0.11257
325.6	0.11143
325.4	0.1109
325.2	0.10991
325	0.1098
324.8	0.10915
324.6	0.1082
324.4	0.10786
324.2	0.1069
324	0.10656
323.8	0.10558
323.6	0.10527
323.4	0.10446
323.2	0.10432
323	0.10338
322.8	0.10317
322.6	0.1028
322.4	0.10142
322.2	0.10159
322	0.10068
321.8	0.10052
321.6	0.0999
321.4	0.09913
321.2	0.09961
321	0.09786
320.8	0.09818
320.6	0.0972
320.4	0.09653
320.2	0.09625
320	0.09589
319.8	0.09559
319.6	0.09476
319.4	0.09462
319.2	0.09393
319	0.09319
318.8	0.09354
318.6	0.09326
318.4	0.0926
318.2	0.09243
318	0.09189
317.8	0.09137
317.6	0.09093
317.4	0.09039
317.2	0.09022
317	0.0894
316.8	0.08932
316.6	0.08909
316.4	0.08869
316.2	0.08905
316	0.08829
315.8	0.08757
315.6	0.08746
315.4	0.08791
315.2	0.08743
315	0.08757
314.8	0.0874
314.6	0.08721
314.4	0.08713
314.2	0.08712
314	0.08702
313.8	0.08666
313.6	0.08673
313.4	0.08604
313.2	0.08646
313	0.08593
312.8	0.08637
312.6	0.08627
312.4	0.0865
312.2	0.08642
312	0.08661
311.8	0.08675
311.6	0.08663
311.4	0.08683
311.2	0.0867
311	0.08693
310.8	0.08687
310.6	0.08721
310.4	0.08707
310.2	0.08727
310	0.08749
309.8	0.08748
309.6	0.08718
309.4	0.08764
309.2	0.08798
309	0.08806
308.8	0.08801
308.6	0.08823
308.4	0.08783
308.2	0.08803
308	0.08793
307.8	0.08864
307.6	0.08836
307.4	0.08868
307.2	0.08836
307	0.08908
306.8	0.08877
306.6	0.08879
306.4	0.08885
306.2	0.08853
306	0.08872
305.8	0.08896
305.6	0.0883
305.4	0.08778
305.2	0.08778
305	0.08772
304.8	0.08795
304.6	0.08775
304.4	0.08728
304.2	0.08769
304	0.08747
303.8	0.08682
303.6	0.0872
303.4	0.08655
303.2	0.08619
303	0.0863
302.8	0.08621
302.6	0.08591
302.4	0.08588
302.2	0.08503
302	0.08491
301.8	0.08491
301.6	0.0844
301.4	0.08407
301.2	0.08364
301	0.08346
300.8	0.08272
300.6	0.08253
300.4	0.08228
300.2	0.08207
300	0.08163
